the local computer has: 56 cpus
results [(array([[-1006.9697876 ,  -235.05084229],
       [-1006.64007568,  -235.05084229]]), array([0.32971191, 0.        ])), (array([[0.43185455, 0.99023628],
       [0.45210177, 1.03332925]]), array([0.02024722, 0.04309297])), (array([[-2336.24438477,   -21.00265694],
       [-2336.10327148,   -21.00265694]]), array([0.14111328, 0.        ])), (array([[-800.06054688, 1070.59558105],
       [-799.64331055, 1070.59558105]]), array([0.41723633, 0.        ])), (array([[-1381.09338379,  1952.00183105],
       [-1380.85412598,  1952.00183105]]), array([0.23925781, 0.        ])), (array([[-291.09564209,  -16.92367363],
       [-289.81634521,  -16.92367363]]), array([1.27929688, 0.        ])), (array([[-938.51544189, -222.57337952],
       [-938.16119385, -222.57337952]]), array([0.35424805, 0.        ])), (array([[-187.82859802,   -9.2589817 ],
       [-185.3790741 ,   -9.2589817 ]]), array([2.44952393, 0.        ])), (array([[-215.73995972,  -78.8302536 ],
       [-213.79824829,  -78.8302536 ]]), array([1.94171143, 0.        ])), (array([[0.42499846, 1.00623333],
       [0.44638026, 1.05328596]]), array([0.0213818 , 0.04705262])), (array([[-167.44595337,   -6.03348541],
       [-164.37133789,   -6.03348541]]), array([3.07461548, 0.        ])), (array([[-220.64741516,   -1.88745141],
       [-218.77186584,   -1.84571791]]), array([1.87554932, 0.0417335 ])), (array([[-138025.0625 ,  227525.84375],
       [-138025.0625 ,  227525.84375]]), array([0., 0.])), (array([[-594.57794189, -626.25762939],
       [-594.00921631, -626.25762939]]), array([0.56872559, 0.        ])), (array([[-201.37457275,   65.15649414],
       [-199.20471191,   65.15649414]]), array([2.16986084, 0.        ])), (array([[-326.37945557,  -67.87693787],
       [-325.2689209 ,  -67.87693787]]), array([1.11053467, 0.        ])), (array([[-28700.74414062,  -2780.99755859],
       [-28700.73242188,  -2780.99755859]]), array([0.01171875, 0.        ])), (array([[ -431.9548645 , -1939.82727051],
       [ -431.15139771, -1939.82727051]]), array([0.8034668, 0.       ])), (array([[-202.24255371, -214.62112427],
       [-200.0881958 , -214.62112427]]), array([2.15435791, 0.        ])), (array([[-171.798172  ,   -2.82214618],
       [-168.88639832,   -2.82214618]]), array([2.91177368, 0.        ])), (array([[-4380.78955078,   -45.08930969],
       [-4380.71435547,   -45.08930969]]), array([0.07519531, 0.        ])), (array([[-254.02008057,  -71.88633728],
       [-252.48944092,  -71.88633728]]), array([1.53063965, 0.        ])), (array([[-872.56719971, -156.70069885],
       [-872.18548584, -156.70069885]]), array([0.38171387, 0.        ])), (array([[ -949.24353027, -2391.31665039],
       [ -948.89343262, -2391.31665039]]), array([0.35009766, 0.        ])), (array([[-184.91743469,   96.77374268],
       [-182.3966217 ,   96.77374268]]), array([2.52081299, 0.        ])), (array([[0.43461496, 1.00344682],
       [0.45516968, 1.04775906]]), array([0.02055472, 0.04431224])), (array([[-1508.96618652,  -105.98409271],
       [-1508.74743652,  -105.98409271]]), array([0.21875, 0.     ])), (array([[-5337.64257812,  -208.53915405],
       [-5337.58105469,  -208.53915405]]), array([0.06152344, 0.        ])), (array([[-188.71905518,   -5.56455421],
       [-186.29043579,   -5.56455421]]), array([2.42861938, 0.        ])), (array([[-13482.78125   ,  21531.50195312],
       [-13482.7578125 ,  21531.50195312]]), array([0.0234375, 0.       ])), (array([[-30943.68945312,  32667.8203125 ],
       [-30943.67773438,  32667.8203125 ]]), array([0.01171875, 0.        ])), (array([[-174.24053955,   -4.76587296],
       [-171.41183472,   -4.76587296]]), array([2.82870483, 0.        ])), (array([[-4006.12402344,  -755.10552979],
       [-4006.04199219,  -755.10552979]]), array([0.08203125, 0.        ])), (array([[-364.86697388,  310.02484131],
       [-363.89370728,  310.02484131]]), array([0.9732666, 0.       ])), (array([[ -855.11779785, -1871.38134766],
       [ -854.72814941, -1871.38134766]]), array([0.38964844, 0.        ])), (array([[0.42418161, 0.99872732],
       [0.44504586, 1.04436421]]), array([0.02086425, 0.04563689])), (array([[-181.23027039,   -3.66618371],
       [-178.61207581,   -3.66618371]]), array([2.61819458, 0.        ])), (array([[0.42539039, 1.00298548],
       [0.44673672, 1.049721  ]]), array([0.02134633, 0.04673553])), (array([[-282.08166504,  -21.30618095],
       [-280.74981689,  -21.30618095]]), array([1.33184814, 0.        ])), (array([[-196.26528931,   11.81650639],
       [-193.99880981,   11.81650639]]), array([2.26647949, 0.        ])), (array([[-379.07113647,    9.30338478],
       [-378.1399231 ,    9.30338478]]), array([0.93121338, 0.        ])), (array([[-1328.48083496,  -139.67184448],
       [-1328.23205566,  -139.67184448]]), array([0.2487793, 0.       ])), (array([[-207.56307983,  -20.43108177],
       [-205.49856567,  -20.43108177]]), array([2.06451416, 0.        ])), (array([[-263.6237793 ,   14.70623016],
       [-262.16815186,   14.70623016]]), array([1.45562744, 0.        ])), (array([[-206.73478699,  -17.39508247],
       [-204.65684509,  -17.39508247]]), array([2.07794189, 0.        ])), (array([[-673.43225098, -216.62219238],
       [-672.93334961, -216.62219238]]), array([0.49890137, 0.        ])), (array([[0.45087081, 0.99173349],
       [0.47151613, 1.03472638]]), array([0.02064532, 0.04299289])), (array([[-127451.2890625 ,  -17556.72460938],
       [-127451.2890625 ,  -17556.72460938]]), array([0., 0.])), (array([[0.43495938, 1.00865579],
       [0.45589551, 1.05401635]]), array([0.02093613, 0.04536057])), (array([[-4700.85986328,  -872.78869629],
       [-4700.78955078,  -872.78869629]]), array([0.0703125, 0.       ])), (array([[-961.88635254, -270.20565796],
       [-961.54089355, -270.20565796]]), array([0.34545898, 0.        ])), (array([[0.44377542, 0.99218851],
       [0.46443373, 1.03557086]]), array([0.02065831, 0.04338235])), (array([[-255.82151794,  -16.01714516],
       [-254.30558777,  -16.01714516]]), array([1.51593018, 0.        ])), (array([[-20846.53125   ,  -6997.43896484],
       [-20846.515625  ,  -6997.43896484]]), array([0.015625, 0.      ])), (array([[0.43880543, 0.99984354],
       [0.45923659, 1.0434159 ]]), array([0.02043116, 0.04357237])), (array([[-1337.84350586,  -231.77783203],
       [-1337.59643555,  -231.77783203]]), array([0.24707031, 0.        ])), (array([[-510.20016479,  648.36065674],
       [-509.5305481 ,  648.36065674]]), array([0.6696167, 0.       ])), (array([[0.4339059 , 0.99702221],
       [0.45476794, 1.04186869]]), array([0.02086204, 0.04484648])), (array([[0.4434799 , 0.98892468],
       [0.46425807, 1.03247631]]), array([0.02077818, 0.04355162])), (array([[-638.81219482,  -37.68796158],
       [-638.28497314,  -37.68796158]]), array([0.52722168, 0.        ])), (array([[-143312.90625,  241208.21875],
       [-143312.90625,  241208.21875]]), array([0., 0.])), (array([[-7568.86669922,   129.51971436],
       [-7568.82275391,   129.51971436]]), array([0.04394531, 0.        ])), (array([[-751639.625   , -130444.109375],
       [-751639.625   , -130444.109375]]), array([0., 0.])), (array([[-219.92163086,   -6.02453995],
       [-218.03662109,   -6.02453995]]), array([1.88500977, 0.        ])), (array([[-296.93884277,  -32.99478149],
       [-295.69122314,  -32.99478149]]), array([1.24761963, 0.        ])), (array([[0.43221709, 1.00689602],
       [0.45292315, 1.05219913]]), array([0.02070606, 0.04530311])), (array([[-665.46551514, 1538.76635742],
       [-664.96038818, 1538.76635742]]), array([0.50512695, 0.        ])), (array([[-433.98095703,   33.07551575],
       [-433.18164062,   33.07551575]]), array([0.79931641, 0.        ])), (array([[-860.0012207 , 1837.23120117],
       [-859.61376953, 1837.23120117]]), array([0.38745117, 0.        ])), (array([[0.44245896, 0.9897092 ],
       [0.46266171, 1.03217888]]), array([0.02020276, 0.04246968])), (array([[-1819.26135254,  -617.49212646],
       [-1819.07995605,  -617.49212646]]), array([0.18139648, 0.        ])), (array([[-178.35951233,   -3.7946229 ],
       [-175.65934753,   -3.7946229 ]]), array([2.70016479, 0.        ])), (array([[-183.97059631,   -3.72577214],
       [-181.42558289,   -3.72577214]]), array([2.54501343, 0.        ])), (array([[-773.07928467,   16.19555092],
       [-772.64691162,   16.19555092]]), array([0.43237305, 0.        ])), (array([[-249.75714111,  -40.8701973 ],
       [-248.19039917,  -40.8701973 ]]), array([1.56674194, 0.        ])), (array([[-1025.4017334 ,   -47.75973129],
       [-1025.07800293,   -47.75973129]]), array([0.32373047, 0.        ])), (array([[-229.73416138,  177.84204102],
       [-227.96878052,  177.84204102]]), array([1.76538086, 0.        ])), (array([[-13383.05566406,  -3518.546875  ],
       [-13383.03027344,  -3518.546875  ]]), array([0.02539062, 0.        ])), (array([[-25580.31640625,  -4066.00756836],
       [-25580.3046875 ,  -4066.00756836]]), array([0.01171875, 0.        ])), (array([[0.43427983, 1.00776625],
       [0.45525113, 1.05311847]]), array([0.0209713 , 0.04535222])), (array([[-33380.29296875,  -7195.94335938],
       [-33380.28515625,  -7195.94335938]]), array([0.0078125, 0.       ])), (array([[-266060.84375,  586941.3125 ],
       [-266060.84375,  586941.3125 ]]), array([0., 0.])), (array([[-3822.63989258, -7526.79101562],
       [-3822.55395508, -7526.79101562]]), array([0.0859375, 0.       ])), (array([[-537.37640381, -272.70889282],
       [-536.74310303, -272.70889282]]), array([0.63330078, 0.        ])), (array([[-358.04449463, -222.03572083],
       [-357.04962158, -222.03572083]]), array([0.99487305, 0.        ])), (array([[-761.24206543, -900.7678833 ],
       [-760.80273438, -900.7678833 ]]), array([0.43933105, 0.        ])), (array([[-262.55007935,  -32.51694107],
       [-261.0864563 ,  -32.51694107]]), array([1.46362305, 0.        ])), (array([[-208.56558228,  -17.03441048],
       [-206.51705933,  -17.03441048]]), array([2.04852295, 0.        ])), (array([[0.42675734, 1.00602448],
       [0.44808424, 1.05286777]]), array([0.0213269 , 0.04684329])), (array([[-163.0423584 ,   -6.75920534],
       [-159.7800293 ,   -6.75920534]]), array([3.2623291, 0.       ])), (array([[-509.5585022 , -133.20820618],
       [-508.88796997, -133.20820618]]), array([0.67053223, 0.        ])), (array([[0.43770909, 1.00431907],
       [0.4588564 , 1.04994738]]), array([0.02114731, 0.04562831])), (array([[-449.42721558,   -4.33283424],
       [-448.65829468,   -4.33283424]]), array([0.7689209, 0.       ])), (array([[-1452.17895508,   -38.53855515],
       [-1451.95141602,   -38.53855515]]), array([0.22753906, 0.        ])), (array([[-1255.90905762,  -418.69665527],
       [-1255.64562988,  -418.69665527]]), array([0.26342773, 0.        ])), (array([[-274.68676758,   13.13685417],
       [-273.30822754,   13.13685417]]), array([1.37854004, 0.        ])), (array([[-492.16033936, -600.48345947],
       [-491.46411133, -600.48345947]]), array([0.69622803, 0.        ])), (array([[ -356.41653442, -1292.80773926],
       [ -355.41629028, -1292.80773926]]), array([1.00024414, 0.        ])), (array([[-237.6890564 ,   -8.92960262],
       [-236.00897217,   -8.92960262]]), array([1.68008423, 0.        ])), (array([[-1015.95922852,  -603.44372559],
       [-1015.63256836,  -603.44372559]]), array([0.32666016, 0.        ])), (array([[-29381.20898438,  -1447.42541504],
       [-29381.19726562,  -1447.42541504]]), array([0.01171875, 0.        ])), (array([[-204.17889404,  -54.10818863],
       [-202.05825806,  -54.10818863]]), array([2.12063599, 0.        ])), (array([[0.43317962, 1.01055491],
       [0.45468026, 1.05745137]]), array([0.02150065, 0.04689646])), (array([[-561.78173828, -247.22865295],
       [-561.17773438, -247.22865295]]), array([0.60400391, 0.        ])), (array([[-2063.09790039,    82.14913177],
       [-2062.93823242,    82.14913177]]), array([0.15966797, 0.        ])), (array([[-1516.21154785,  -377.28933716],
       [-1515.99377441,  -377.28933716]]), array([0.21777344, 0.        ])), (array([[-2628.36401367,  -408.84396362],
       [-2628.23852539,  -408.84396362]]), array([0.12548828, 0.        ])), (array([[-257.66543579,   -4.25956202],
       [-256.16427612,   -4.25956202]]), array([1.50115967, 0.        ])), (array([[-3049.51660156,  -662.63269043],
       [-3049.40869141,  -662.63269043]]), array([0.10791016, 0.        ])), (array([[-873.13879395, -203.31848145],
       [-872.75732422, -203.31848145]]), array([0.38146973, 0.        ])), (array([[-253.93009949,  -19.14331245],
       [-252.39872742,  -19.14331245]]), array([1.53137207, 0.        ])), (array([[0.43511513, 1.00657785],
       [0.45619825, 1.05221331]]), array([0.02108312, 0.04563546])), (array([[-223.17611694,   -2.99958348],
       [-221.33276367,   -2.99958348]]), array([1.84335327, 0.        ])), (array([[-1629.45214844,  -796.73956299],
       [-1629.24951172,  -796.73956299]]), array([0.20263672, 0.        ])), (array([[-298.78604126,  -16.2590847 ],
       [-297.54812622,  -16.2590847 ]]), array([1.23791504, 0.        ])), (array([[-420.75512695,  -71.4758606 ],
       [-419.92773438,  -71.4758606 ]]), array([0.82739258, 0.        ])), (array([[-647.97662354,  -75.4728775 ],
       [-647.45721436,  -75.4728775 ]]), array([0.51940918, 0.        ])), (array([[-2176.31176758,   -49.24022675],
       [-2176.16040039,   -49.24022675]]), array([0.15136719, 0.        ])), (array([[-293.65917969,    7.17426682],
       [-292.39398193,    7.17427254]]), array([1.26519775e+00, 5.72204590e-06])), (array([[-5955.01318359,  -364.75003052],
       [-5954.95751953,  -364.75003052]]), array([0.05566406, 0.        ])), (array([[-194.21638489,  -14.79103184],
       [-191.90834045,  -14.79103184]]), array([2.30804443, 0.        ])), (array([[-250.40632629, -298.83068848],
       [-248.84519958, -298.83068848]]), array([1.56112671, 0.        ])), (array([[0.44044107, 1.00200045],
       [0.46154869, 1.046924  ]]), array([0.02110761, 0.04492354])), (array([[-525.60272217,  770.16143799],
       [-524.9541626 ,  770.16143799]]), array([0.64855957, 0.        ])), (array([[-768.65240479, -213.21115112],
       [-768.21746826, -213.21115112]]), array([0.43493652, 0.        ])), (array([[ -4537.27734375, -22909.921875  ],
       [ -4537.20507812, -22909.921875  ]]), array([0.07226562, 0.        ])), (array([[-261.95089722,  -73.10118103],
       [-260.4828186 ,  -73.10118103]]), array([1.46807861, 0.        ])), (array([[-14641.71289062,   -391.11065674],
       [-14641.68945312,   -391.11065674]]), array([0.0234375, 0.       ])), (array([[-735.80529785, 1408.06005859],
       [-735.3503418 , 1408.06005859]]), array([0.45495605, 0.        ])), (array([[ -3324729., -12039014.],
       [ -3324729., -12039014.]]), array([0., 0.])), (array([[-56966.48828125, -22452.68554688],
       [-56966.48046875, -22452.68554688]]), array([0.0078125, 0.       ])), (array([[-2347.62060547, -4157.11669922],
       [-2347.48046875, -4157.11669922]]), array([0.14013672, 0.        ])), (array([[-2188.91259766,    18.05243492],
       [-2188.76220703,    18.05243492]]), array([0.15039062, 0.        ])), (array([[-15274.02539062, -67053.1171875 ],
       [-15274.00390625, -67053.1171875 ]]), array([0.02148438, 0.        ])), (array([[-1670564.875    ,  -125686.9921875],
       [-1670564.875    ,  -125686.9921875]]), array([0., 0.])), (array([[-240.28230286,  -33.14009857],
       [-238.62806702,  -33.14009857]]), array([1.65423584, 0.        ])), (array([[ -18796.16210938, -133917.5       ],
       [ -18796.14648438, -133917.5       ]]), array([0.015625, 0.      ])), (array([[-394.62246704,  560.01660156],
       [-393.73306274,  560.01660156]]), array([0.8894043, 0.       ])), (array([[-176.45849609,  -99.15785217],
       [-173.70068359,  -99.15785217]]), array([2.7578125, 0.       ])), (array([[-229.85812378, -226.6100769 ],
       [-228.09414673, -226.6100769 ]]), array([1.76397705, 0.        ])), (array([[0.43140465, 0.99733216],
       [0.45232391, 1.04226875]]), array([0.02091926, 0.0449366 ])), (array([[-11353.46875   , -83950.3671875 ],
       [-11353.43945312, -83950.3671875 ]]), array([0.02929688, 0.        ])), (array([[-232.1247406 ,  -27.6853714 ],
       [-230.38597107,  -27.6853714 ]]), array([1.73876953, 0.        ])), (array([[0.43559894, 1.0051105 ],
       [0.45625564, 1.04972029]]), array([0.0206567 , 0.04460979])), (array([[-681.09527588,  -57.13324356],
       [-680.60223389,  -57.13324356]]), array([0.49304199, 0.        ])), (array([[-649000.0625   ,   54857.6328125],
       [-649000.0625   ,   54857.6328125]]), array([0., 0.])), (array([[-14648.390625  , -81263.9375    ],
       [-14648.36914062, -81263.9375    ]]), array([0.02148438, 0.        ])), (array([[-481.0880127 , -784.58721924],
       [-480.37438965, -784.58721924]]), array([0.71362305, 0.        ])), (array([[-186.3901062 ,  -24.52375984],
       [-183.90594482,  -24.52375984]]), array([2.48416138, 0.        ])), (array([[-229.59202576,   -3.04905844],
       [-227.82502747,   -3.04905844]]), array([1.76699829, 0.        ])), (array([[-149.68287659,   24.87301636],
       [-145.64125061,   24.87301636]]), array([4.04162598, 0.        ])), (array([[-193.8235321 ,  -14.25026035],
       [-191.50733948,  -14.25026035]]), array([2.31619263, 0.        ])), (array([[-402.54699707, -620.86682129],
       [-401.6774292 , -620.86682129]]), array([0.86956787, 0.        ])), (array([[-7009.03369141, -1573.65490723],
       [-7008.98681641, -1573.65490723]]), array([0.046875, 0.      ])), (array([[-338.63613892,  -52.43170929],
       [-337.57363892,  -52.43170929]]), array([1.0625, 0.    ])), (array([[-206.41796875, -182.05818176],
       [-204.33483887, -182.05818176]]), array([2.08312988, 0.        ])), (array([[-111610.71875 , -193539.671875],
       [-111610.71875 , -193539.671875]]), array([0., 0.])), (array([[-733.89129639,   30.26683044],
       [-733.43511963,   30.26683044]]), array([0.45617676, 0.        ])), (array([[-12878.54882812, -69457.1328125 ],
       [-12878.5234375 , -69457.1328125 ]]), array([0.02539062, 0.        ])), (array([[-268.46398926,  -12.11338329],
       [-267.04321289,  -12.11338329]]), array([1.42077637, 0.        ])), (array([[-58664.578125 ,  69442.15625  ],
       [-58664.5703125,  69442.15625  ]]), array([0.0078125, 0.       ])), (array([[-75801.5234375 , -19358.87304688],
       [-75801.5234375 , -19358.87304688]]), array([0., 0.])), (array([[-273.26934814,   -5.33174324],
       [-271.88140869,   -5.33174324]]), array([1.38793945, 0.        ])), (array([[-484.09088135,  -76.0791626 ],
       [-483.38208008,  -76.0791626 ]]), array([0.70880127, 0.        ])), (array([[-17297.95507812,  -4746.93652344],
       [-17297.93554688,  -4746.93652344]]), array([0.01953125, 0.        ])), (array([[-1192.01269531,  -418.21655273],
       [-1191.73486328,  -418.21655273]]), array([0.27783203, 0.        ])), (array([[-1017.7144165 ,  -335.63409424],
       [-1017.38824463,  -335.63409424]]), array([0.32617188, 0.        ])), (array([[-174.13565063,   -5.02809286],
       [-171.30349731,   -5.02809286]]), array([2.83215332, 0.        ])), (array([[-197.42633057,  143.73388672],
       [-195.18264771,  143.73388672]]), array([2.24368286, 0.        ])), (array([[-12107.06152344,  -5210.75097656],
       [-12107.03417969,  -5210.75097656]]), array([0.02734375, 0.        ])), (array([[-677.49737549,   24.60225868],
       [-677.00152588,   24.60225868]]), array([0.49584961, 0.        ])), (array([[-643.1015625 ,  -30.50341225],
       [-642.57800293,  -30.50341225]]), array([0.52355957, 0.        ])), (array([[-778.22259521,   46.7787056 ],
       [-777.79327393,   46.7787056 ]]), array([0.42932129, 0.        ])), (array([[-186.33731079, -123.03084564],
       [-183.85186768, -123.03084564]]), array([2.48544312, 0.        ])), (array([[-390.11676025, -115.05214691],
       [-389.21563721, -115.05214691]]), array([0.90112305, 0.        ])), (array([[-193.7484436 ,   -1.87073112],
       [-191.43066406,   -1.86693954]]), array([2.31777954, 0.00379157])), (array([[-186.26608276,    6.98433113],
       [-183.77890015,    6.98433113]]), array([2.48718262, 0.        ])), (array([[-213.73007202,  131.08868408],
       [-211.75973511,  131.08868408]]), array([1.97033691, 0.        ])), (array([[-445.46627808, -157.06498718],
       [-444.68978882, -157.06498718]]), array([0.77648926, 0.        ])), (array([[-161.71052551,   -5.51528406],
       [-158.38606262,   -5.51528406]]), array([3.32446289, 0.        ])), (array([[0.4375203 , 0.98394507],
       [0.45816162, 1.02736604]]), array([0.02064133, 0.04342097])), (array([[-436.64407349,  -12.61286926],
       [-435.85018921,  -12.61286926]]), array([0.79388428, 0.        ])), (array([[-69755.2109375 ,  17903.24023438],
       [-69755.2109375 ,  17903.24023438]]), array([0., 0.])), (array([[-40076476., -14056793.],
       [-40076476., -14056793.]]), array([0., 0.])), (array([[-424.78948975,  -39.3274765 ],
       [-423.97088623,  -39.3274765 ]]), array([0.81860352, 0.        ])), (array([[-376.78839111,  -62.11981201],
       [-375.85064697,  -62.11981201]]), array([0.93774414, 0.        ])), (array([[-316.0866394 ,   -2.54548287],
       [-314.93203735,   -2.54548287]]), array([1.15460205, 0.        ])), (array([[-604.26904297,  -76.85743713],
       [-603.70996094,  -76.85743713]]), array([0.55908203, 0.        ])), (array([[-106446.0859375,  850759.75     ],
       [-106446.0859375,  850759.75     ]]), array([0., 0.])), (array([[-1029.72192383,  -346.50262451],
       [-1029.3996582 ,  -346.50262451]]), array([0.32226562, 0.        ])), (array([[-221.82084656,   -3.80662131],
       [-219.96040344,   -3.80662131]]), array([1.86044312, 0.        ])), (array([[-315.50753784, -523.20404053],
       [-314.35031128, -523.20404053]]), array([1.15722656, 0.        ])), (array([[0.41474178, 1.02287221],
       [0.43691501, 1.07305646]]), array([0.02217323, 0.05018425])), (array([[-3520.05175781,  -245.14077759],
       [-3519.95800781,  -245.14077759]]), array([0.09375, 0.     ])), (array([[-15282.97265625,   -387.90423584],
       [-15282.95117188,   -387.90423584]]), array([0.02148438, 0.        ])), (array([[-14384.30566406,   -638.87548828],
       [-14384.28222656,   -638.87548828]]), array([0.0234375, 0.       ])), (array([[-174.77301025,  -13.30655289],
       [-171.96170044,  -13.30655289]]), array([2.81130981, 0.        ])), (array([[-1744.16845703,   -54.41863632],
       [-1743.97924805,   -54.41863632]]), array([0.18920898, 0.        ])), (array([[-673.51733398,  -49.53761292],
       [-673.01843262,  -49.53761292]]), array([0.49890137, 0.        ])), (array([[-685.21484375,  -57.15937805],
       [-684.72485352,  -57.15937805]]), array([0.48999023, 0.        ]))]
CISamplingTest 189.0520260334015
result {4: (20, 0.095, 0.11, array([0.81761903, 0.00541135]))}
