the local computer has: 56 cpus
results [(array([[0.42660648, 1.00205803],
       [0.44749653, 1.04756594]]), array([0.02089006, 0.04550791])), (array([[0.43555215, 0.9934082 ],
       [0.45572069, 1.03653097]]), array([0.02016854, 0.04312277])), (array([[0.43773454, 0.98583645],
       [0.45875704, 1.03030825]]), array([0.0210225, 0.0444718])), (array([[0.44209018, 0.99041212],
       [0.46295854, 1.03405392]]), array([0.02086836, 0.04364181])), (array([[0.43135095, 0.99994338],
       [0.45213777, 1.04487503]]), array([0.02078682, 0.04493165])), (array([[0.42708349, 1.00271881],
       [0.44859993, 1.04984081]]), array([0.02151644, 0.047122  ])), (array([[0.42980552, 0.97975564],
       [0.4503237 , 1.02326751]]), array([0.02051818, 0.04351187])), (array([[0.42219725, 0.99237454],
       [0.44218692, 1.03579319]]), array([0.01998967, 0.04341865])), (array([[0.42113346, 1.00677574],
       [0.44226247, 1.05354726]]), array([0.02112901, 0.04677153])), (array([[0.4240596 , 1.00994539],
       [0.44513598, 1.05663753]]), array([0.02107638, 0.04669213])), (array([[0.4427563 , 0.9754526 ],
       [0.46292394, 1.0170151 ]]), array([0.02016765, 0.0415625 ])), (array([[0.43851659, 0.98322505],
       [0.45881346, 1.02584898]]), array([0.02029687, 0.04262394])), (array([[0.43505991, 1.01550174],
       [0.45612937, 1.06137085]]), array([0.02106947, 0.04586911])), (array([[0.42699313, 0.99869502],
       [0.44830644, 1.04482758]]), array([0.02131331, 0.04613256])), (array([[0.43187544, 1.01338303],
       [0.45292541, 1.05948246]]), array([0.02104998, 0.04609942])), (array([[0.43433157, 0.98409915],
       [0.45480266, 1.02738667]]), array([0.0204711 , 0.04328752])), (array([[0.435543  , 0.98986065],
       [0.45593691, 1.03290212]]), array([0.02039391, 0.04304147])), (array([[0.41936103, 0.9975673 ],
       [0.43983236, 1.04248631]]), array([0.02047133, 0.04491901])), (array([[0.43725061, 0.9973911 ],
       [0.4574514 , 1.0405587 ]]), array([0.02020079, 0.04316759])), (array([[0.42563468, 1.00861692],
       [0.44663948, 1.05518055]]), array([0.0210048 , 0.04656363])), (array([[0.427912  , 1.01434851],
       [0.44898081, 1.0607903 ]]), array([0.02106881, 0.04644179])), (array([[0.43207967, 1.00342822],
       [0.45325756, 1.0492487 ]]), array([0.02117789, 0.04582047])), (array([[0.43453392, 0.99223816],
       [0.45498577, 1.03581297]]), array([0.02045184, 0.04357481])), (array([[0.42645878, 1.01560569],
       [0.44823319, 1.06380868]]), array([0.02177441, 0.04820299])), (array([[0.4297201 , 0.99501443],
       [0.44997948, 1.03856683]]), array([0.02025938, 0.0435524 ])), (array([[0.43537739, 0.99925756],
       [0.45627382, 1.04411936]]), array([0.02089643, 0.04486179])), (array([[0.42541265, 0.99633116],
       [0.44548172, 1.0399617 ]]), array([0.02006906, 0.04363054])), (array([[0.44851911, 0.96724844],
       [0.46828353, 1.00728834]]), array([0.01976442, 0.0400399 ])), (array([[0.4293004 , 1.00609374],
       [0.4503251 , 1.05197573]]), array([0.0210247 , 0.04588199])), (array([[0.4287017 , 1.00887787],
       [0.4501192 , 1.05589163]]), array([0.0214175 , 0.04701376])), (array([[0.42169586, 0.98710763],
       [0.44210753, 1.03119075]]), array([0.02041167, 0.04408312])), (array([[0.42607719, 0.99673909],
       [0.44676083, 1.04188883]]), array([0.02068365, 0.04514974])), (array([[0.43044806, 1.00395477],
       [0.45082623, 1.04844892]]), array([0.02037817, 0.04449415])), (array([[0.43240047, 0.989573  ],
       [0.45243561, 1.03258848]]), array([0.02003515, 0.04301548])), (array([[0.43541017, 0.99730456],
       [0.45607647, 1.0417031 ]]), array([0.0206663 , 0.04439855])), (array([[0.42470562, 1.01286983],
       [0.44570202, 1.05949235]]), array([0.02099639, 0.04662251])), (array([[0.43373796, 1.00908804],
       [0.45450994, 1.05424643]]), array([0.02077198, 0.04515839])), (array([[0.43185979, 0.99790651],
       [0.45282835, 1.04319596]]), array([0.02096856, 0.04528946])), (array([[0.4321799 , 0.99808502],
       [0.45317456, 1.04310226]]), array([0.02099466, 0.04501724])), (array([[0.43427724, 0.99346286],
       [0.45539886, 1.03878593]]), array([0.02112162, 0.04532307])), (array([[0.43617713, 0.99703372],
       [0.45701128, 1.04170883]]), array([0.02083415, 0.04467511])), (array([[0.43023974, 1.00022888],
       [0.45128864, 1.0460031 ]]), array([0.0210489 , 0.04577422])), (array([[0.43347162, 1.0013485 ],
       [0.45380193, 1.04530001]]), array([0.02033031, 0.04395151])), (array([[0.42143807, 1.01203382],
       [0.44373623, 1.06135404]]), array([0.02229816, 0.04932022])), (array([[0.43608257, 0.98243111],
       [0.4566941 , 1.02559733]]), array([0.02061152, 0.04316622])), (array([[0.43230698, 0.98623091],
       [0.45229355, 1.02857578]]), array([0.01998657, 0.04234487])), (array([[0.42949077, 0.98991275],
       [0.45004901, 1.0339582 ]]), array([0.02055824, 0.04404545])), (array([[0.44298738, 0.96683568],
       [0.46320575, 1.0080483 ]]), array([0.02021837, 0.04121262])), (array([[0.42568564, 1.01644063],
       [0.44634032, 1.06256342]]), array([0.02065468, 0.04612279])), (array([[0.42529935, 1.00156569],
       [0.4464367 , 1.04778695]]), array([0.02113736, 0.04622126])), (array([[0.42791131, 0.99136114],
       [0.44868252, 1.03581953]]), array([0.02077121, 0.04445839])), (array([[0.44224083, 0.99056   ],
       [0.46231401, 1.03267348]]), array([0.02007318, 0.04211348])), (array([[0.43977386, 0.98957276],
       [0.46050018, 1.03332067]]), array([0.02072632, 0.0437479 ])), (array([[0.43380368, 0.99467689],
       [0.45449269, 1.03897536]]), array([0.02068901, 0.04429847])), (array([[0.44321811, 0.98551702],
       [0.46391386, 1.02887368]]), array([0.02069575, 0.04335666])), (array([[0.42995581, 0.98573154],
       [0.4502959 , 1.02914369]]), array([0.02034009, 0.04341215])), (array([[0.43290612, 1.00591719],
       [0.45342883, 1.05047214]]), array([0.02052271, 0.04455495])), (array([[0.42516282, 1.01524663],
       [0.44618455, 1.06191897]]), array([0.02102172, 0.04667234])), (array([[0.43329614, 1.00313294],
       [0.45440799, 1.04856741]]), array([0.02111185, 0.04543447])), (array([[0.42896304, 0.98344678],
       [0.44950643, 1.02716219]]), array([0.0205434 , 0.04371542])), (array([[0.4362044 , 0.98640507],
       [0.45699278, 1.03015578]]), array([0.02078837, 0.0437507 ])), (array([[0.43168205, 0.99100286],
       [0.45202774, 1.03468132]]), array([0.02034569, 0.04367846])), (array([[0.42930055, 1.00702107],
       [0.45013016, 1.05253088]]), array([0.02082962, 0.04550982])), (array([[0.44188064, 0.97551793],
       [0.46183228, 1.0169903 ]]), array([0.01995164, 0.04147238])), (array([[0.43758407, 0.99963605],
       [0.4577696 , 1.04273593]]), array([0.02018553, 0.04309988])), (array([[0.42497212, 0.99900544],
       [0.44571161, 1.04438293]]), array([0.0207395 , 0.04537749])), (array([[0.43105391, 0.9932701 ],
       [0.45200124, 1.03798556]]), array([0.02094734, 0.04471546])), (array([[0.42870247, 0.99108636],
       [0.44921905, 1.03522718]]), array([0.02051657, 0.04414082])), (array([[0.43528563, 0.99065387],
       [0.45618701, 1.03501618]]), array([0.02090138, 0.04436231])), (array([[0.42243189, 1.00291979],
       [0.44328541, 1.04877841]]), array([0.02085352, 0.04585862])), (array([[0.42820773, 0.9884575 ],
       [0.44878295, 1.03275371]]), array([0.02057523, 0.04429621])), (array([[0.43312234, 0.98994833],
       [0.45380455, 1.03406835]]), array([0.02068222, 0.04412001])), (array([[0.42977694, 0.99302441],
       [0.45020053, 1.03698742]]), array([0.02042359, 0.04396302])), (array([[0.43791482, 0.99675268],
       [0.45810118, 1.03958225]]), array([0.02018636, 0.04282957])), (array([[0.43249625, 0.97265816],
       [0.45261711, 1.01476753]]), array([0.02012086, 0.04210937])), (array([[0.43416455, 0.98590434],
       [0.45461902, 1.02920616]]), array([0.02045447, 0.04330182])), (array([[0.43489513, 0.999951  ],
       [0.45565173, 1.04443538]]), array([0.0207566 , 0.04448438])), (array([[0.43769637, 0.97027713],
       [0.45798615, 1.01211345]]), array([0.02028978, 0.04183632])), (array([[0.43110746, 0.99898154],
       [0.45164227, 1.04332232]]), array([0.02053481, 0.04434079])), (array([[0.43547362, 0.99654561],
       [0.45621622, 1.04104912]]), array([0.0207426 , 0.04450351])), (array([[0.43150678, 0.97314495],
       [0.45140693, 1.01487291]]), array([0.01990014, 0.04172796])), (array([[0.42862016, 1.01422501],
       [0.45078111, 1.06290174]]), array([0.02216095, 0.04867673])), (array([[0.43848991, 0.99184382],
       [0.45928776, 1.03609788]]), array([0.02079785, 0.04425406])), (array([[0.43409207, 0.99585599],
       [0.45419374, 1.03878176]]), array([0.02010167, 0.04292578])), (array([[0.43136096, 0.99394733],
       [0.45194966, 1.03812742]]), array([0.0205887, 0.0441801])), (array([[0.43536174, 0.98470837],
       [0.45614409, 1.02867496]]), array([0.02078235, 0.04396659])), (array([[0.43780604, 0.98107153],
       [0.45834985, 1.02407527]]), array([0.02054381, 0.04300374])), (array([[0.43403956, 0.97346675],
       [0.45430288, 1.01559353]]), array([0.02026331, 0.04212677])), (array([[0.4370923 , 0.99221694],
       [0.45789129, 1.03659427]]), array([0.02079898, 0.04437733])), (array([[0.43380195, 0.97486931],
       [0.45447934, 1.01825571]]), array([0.02067739, 0.0433864 ])), (array([[0.42774183, 0.9740842 ],
       [0.44791812, 1.01666152]]), array([0.02017629, 0.04257733])), (array([[0.41589043, 1.0318259 ],
       [0.4380779 , 1.0824095 ]]), array([0.02218747, 0.0505836 ])), (array([[0.4318603 , 1.00331628],
       [0.45292911, 1.04882586]]), array([0.02106881, 0.04550958])), (array([[0.43043283, 0.99610728],
       [0.45136294, 1.04123282]]), array([0.02093011, 0.04512554])), (array([[0.43780452, 0.97729433],
       [0.45772898, 1.01883245]]), array([0.01992446, 0.04153812])), (array([[0.42290947, 1.00294352],
       [0.4436731 , 1.04844952]]), array([0.02076364, 0.045506  ])), (array([[0.41702625, 1.00486076],
       [0.43769863, 1.0508281 ]]), array([0.02067238, 0.04596734])), (array([[0.43426642, 0.98646998],
       [0.45453909, 1.02940154]]), array([0.02027267, 0.04293156])), (array([[0.43549132, 0.98961991],
       [0.45629954, 1.03363645]]), array([0.02080822, 0.04401654])), (array([[0.4276115 , 1.01392484],
       [0.44922653, 1.06173491]]), array([0.02161503, 0.04781008])), (array([[0.42551729, 0.99842244],
       [0.44638088, 1.04365003]]), array([0.02086359, 0.04522759])), (array([[0.42485514, 1.01172101],
       [0.44645259, 1.05916703]]), array([0.02159745, 0.04744601])), (array([[0.43472397, 0.99453264],
       [0.45509273, 1.03816438]]), array([0.02036875, 0.04363173])), (array([[0.42506629, 1.01290739],
       [0.44682801, 1.06100476]]), array([0.02176172, 0.04809737])), (array([[0.43326318, 0.98585999],
       [0.45362544, 1.02902043]]), array([0.02036226, 0.04316044])), (array([[0.42913711, 1.02125132],
       [0.45054561, 1.06892812]]), array([0.0214085, 0.0476768])), (array([[0.42364711, 1.00515294],
       [0.44465679, 1.05126047]]), array([0.02100968, 0.04610753])), (array([[0.43786597, 0.97983623],
       [0.458188  , 1.02233505]]), array([0.02032202, 0.04249883])), (array([[0.43265054, 0.9831323 ],
       [0.45301434, 1.02591312]]), array([0.02036381, 0.04278082])), (array([[0.42740706, 1.00074279],
       [0.44833234, 1.04640114]]), array([0.02092528, 0.04565835])), (array([[0.42390236, 1.00570107],
       [0.44524899, 1.05265737]]), array([0.02134663, 0.0469563 ])), (array([[0.43335932, 1.00922644],
       [0.4542675 , 1.05445564]]), array([0.02090818, 0.0452292 ])), (array([[0.43842036, 0.97483176],
       [0.45840383, 1.01631546]]), array([0.01998347, 0.0414837 ])), (array([[0.42997167, 0.9720546 ],
       [0.45024905, 1.01489842]]), array([0.02027738, 0.04284382])), (array([[0.42277762, 0.99799418],
       [0.44415769, 1.0444839 ]]), array([0.02138007, 0.04648972])), (array([[0.42213857, 1.00589347],
       [0.44336951, 1.05271363]]), array([0.02123094, 0.04682016])), (array([[0.43515587, 0.98721117],
       [0.45544177, 1.03011823]]), array([0.0202859 , 0.04290706])), (array([[0.42779395, 1.00216842],
       [0.44870427, 1.04777241]]), array([0.02091032, 0.04560399])), (array([[0.45674798, 0.99528712],
       [0.47715262, 1.03747427]]), array([0.02040464, 0.04218715])), (array([[0.43586966, 0.99076968],
       [0.4564254 , 1.03440392]]), array([0.02055573, 0.04363424])), (array([[0.42899787, 0.97993129],
       [0.44901109, 1.02224636]]), array([0.02001321, 0.04231507])), (array([[0.44031969, 0.98734331],
       [0.46060851, 1.02970338]]), array([0.02028883, 0.04236007])), (array([[0.43911952, 0.96529746],
       [0.45882744, 1.0055759 ]]), array([0.01970792, 0.04027843])), (array([[0.42691389, 1.02023935],
       [0.44864967, 1.0685668 ]]), array([0.02173579, 0.04832745])), (array([[0.41563833, 1.01302886],
       [0.43699843, 1.06107783]]), array([0.0213601 , 0.04804897])), (array([[0.43140888, 0.97441083],
       [0.45114434, 1.01550949]]), array([0.01973546, 0.04109865])), (array([[0.43531245, 0.99117506],
       [0.45631522, 1.03594005]]), array([0.02100277, 0.044765  ])), (array([[0.42945871, 1.01219058],
       [0.4509342 , 1.05925035]]), array([0.02147549, 0.04705977])), (array([[0.436847  , 0.98634768],
       [0.45774189, 1.03069282]]), array([0.02089489, 0.04434514])), (array([[0.42915758, 0.98882145],
       [0.44947436, 1.03243971]]), array([0.02031678, 0.04361826])), (array([[0.43122637, 0.98825818],
       [0.45180798, 1.03234303]]), array([0.0205816 , 0.04408485])), (array([[0.44493178, 0.96784854],
       [0.46485195, 1.00846267]]), array([0.01992017, 0.04061413])), (array([[0.43046823, 1.00801086],
       [0.45118847, 1.05312204]]), array([0.02072024, 0.04511118])), (array([[0.43628886, 0.99929434],
       [0.45665577, 1.0427978 ]]), array([0.02036691, 0.04350346])), (array([[0.43453297, 1.00370204],
       [0.45543841, 1.04886711]]), array([0.02090544, 0.04516506])), (array([[0.4419885 , 0.96907789],
       [0.461449  , 1.00890899]]), array([0.0194605, 0.0398311])), (array([[0.42058289, 1.0033747 ],
       [0.44194895, 1.05028236]]), array([0.02136606, 0.04690766])), (array([[0.42735142, 0.99726266],
       [0.44765013, 1.04095197]]), array([0.02029872, 0.04368931])), (array([[0.42061168, 1.00795019],
       [0.44200683, 1.05521119]]), array([0.02139515, 0.047261  ])), (array([[0.42268282, 1.0142951 ],
       [0.44392437, 1.06138325]]), array([0.02124155, 0.04708815])), (array([[0.43753436, 0.98553813],
       [0.45805219, 1.02869165]]), array([0.02051783, 0.04315352])), (array([[0.43810177, 0.97455645],
       [0.45838135, 1.01658285]]), array([0.02027959, 0.0420264 ])), (array([[0.43472132, 1.00642371],
       [0.45502916, 1.05033875]]), array([0.02030784, 0.04391503])), (array([[0.42939329, 0.98979348],
       [0.4503575 , 1.03483927]]), array([0.02096421, 0.04504579])), (array([[0.43473467, 1.01279092],
       [0.45632693, 1.06001735]]), array([0.02159226, 0.04722643])), (array([[0.44128108, 0.97649086],
       [0.46106797, 1.01733017]]), array([0.01978689, 0.04083931])), (array([[0.42580366, 1.00414371],
       [0.44660479, 1.04974604]]), array([0.02080113, 0.04560232])), (array([[0.43401161, 0.99143583],
       [0.45448688, 1.03495371]]), array([0.02047527, 0.04351789])), (array([[0.42373782, 1.00385487],
       [0.44444025, 1.0493573 ]]), array([0.02070242, 0.04550242])), (array([[0.43153298, 0.9892047 ],
       [0.45208877, 1.03308892]]), array([0.02055579, 0.04388422])), (array([[0.42222646, 1.01288033],
       [0.44340441, 1.06001139]]), array([0.02117795, 0.04713106])), (array([[0.44113785, 0.98125029],
       [0.46133298, 1.02311397]]), array([0.02019513, 0.04186368])), (array([[0.43411395, 0.97536707],
       [0.45409706, 1.01695859]]), array([0.01998311, 0.04159153])), (array([[0.42696828, 0.99252468],
       [0.44816911, 1.03820705]]), array([0.02120084, 0.04568237])), (array([[0.43990621, 0.98650521],
       [0.46011832, 1.02917397]]), array([0.02021211, 0.04266876])), (array([[0.42335412, 1.00993669],
       [0.44491896, 1.05760753]]), array([0.02156484, 0.04767084])), (array([[0.44069582, 0.99006212],
       [0.46095115, 1.03280294]]), array([0.02025533, 0.04274082])), (array([[0.43428171, 1.00096202],
       [0.45529443, 1.04614711]]), array([0.02101272, 0.04518509])), (array([[0.42225784, 0.99470413],
       [0.44387466, 1.04185927]]), array([0.02161682, 0.04715514])), (array([[0.42085341, 1.00292575],
       [0.44219485, 1.04984081]]), array([0.02134144, 0.04691505])), (array([[0.44016945, 0.98972547],
       [0.46115518, 1.03400123]]), array([0.02098572, 0.04427576])), (array([[0.42582056, 0.99690825],
       [0.44690296, 1.04275346]]), array([0.0210824 , 0.04584521])), (array([[0.42826527, 1.01909959],
       [0.44946444, 1.06609166]]), array([0.02119917, 0.04699206])), (array([[0.43542093, 1.00488818],
       [0.45624709, 1.04991066]]), array([0.02082616, 0.04502249])), (array([[0.43349016, 0.98102009],
       [0.45340002, 1.02276909]]), array([0.01990986, 0.041749  ])), (array([[0.43537998, 0.98523593],
       [0.45556986, 1.02759838]]), array([0.02018988, 0.04236245])), (array([[0.41790995, 1.02878261],
       [0.4394311 , 1.07784271]]), array([0.02152115, 0.04906011])), (array([[0.43402195, 0.97594398],
       [0.45388657, 1.01740277]]), array([0.01986462, 0.04145879])), (array([[0.42212906, 1.01640642],
       [0.44340053, 1.06421292]]), array([0.02127147, 0.0478065 ])), (array([[0.43400511, 0.98977143],
       [0.4546878 , 1.03406131]]), array([0.02068269, 0.04428989])), (array([[0.41803348, 1.01519608],
       [0.43940055, 1.06306553]]), array([0.02136707, 0.04786944])), (array([[0.4382956 , 0.97347182],
       [0.45812178, 1.01462197]]), array([0.01982617, 0.04115015])), (array([[0.43756193, 0.99124306],
       [0.45795572, 1.03455162]]), array([0.02039379, 0.04330856])), (array([[0.43255624, 0.9863618 ],
       [0.45278332, 1.02953577]]), array([0.02022707, 0.04317397])), (array([[0.43632218, 0.99723917],
       [0.45708635, 1.04178739]]), array([0.02076417, 0.04454821])), (array([[0.43420205, 0.9984374 ],
       [0.45476213, 1.04298067]]), array([0.02056009, 0.04454327])), (array([[0.43377912, 1.00105739],
       [0.4548068 , 1.04653502]]), array([0.02102768, 0.04547763])), (array([[0.41360447, 1.01893556],
       [0.43521771, 1.06792915]]), array([0.02161324, 0.04899359])), (array([[0.43657163, 0.99174237],
       [0.4571701 , 1.03558469]]), array([0.02059847, 0.04384232])), (array([[0.43583646, 0.98892277],
       [0.45646259, 1.03270745]]), array([0.02062613, 0.04378468])), (array([[0.43338495, 0.99424982],
       [0.45504147, 1.04033971]]), array([0.02165651, 0.04608989])), (array([[0.4356215 , 0.99448478],
       [0.45586157, 1.03762925]]), array([0.02024007, 0.04314446])), (array([[0.42757085, 1.00206459],
       [0.4488326 , 1.04854977]]), array([0.02126175, 0.04648519])), (array([[0.43275529, 0.99724102],
       [0.45326346, 1.04120898]]), array([0.02050817, 0.04396796])), (array([[0.4326219 , 0.99715042],
       [0.45339584, 1.04207945]]), array([0.02077395, 0.04492903])), (array([[0.43616098, 0.98592675],
       [0.45668042, 1.02932417]]), array([0.02051944, 0.04339743])), (array([[0.43186173, 0.99092454],
       [0.45262668, 1.03529739]]), array([0.02076495, 0.04437286])), (array([[0.433635  , 0.98500669],
       [0.45438766, 1.02903211]]), array([0.02075267, 0.04402542])), (array([[0.4310652 , 0.9891693 ],
       [0.45154518, 1.03292143]]), array([0.02047998, 0.04375213])), (array([[0.42856222, 0.98864967],
       [0.44894356, 1.03237045]]), array([0.02038133, 0.04372078])), (array([[0.42917249, 0.99653357],
       [0.44986734, 1.04108763]]), array([0.02069485, 0.04455405])), (array([[0.42770991, 0.9932766 ],
       [0.44821486, 1.03718758]]), array([0.02050495, 0.04391098])), (array([[0.41901433, 0.98953462],
       [0.43984562, 1.03484106]]), array([0.02083129, 0.04530644])), (array([[0.43825218, 0.98494112],
       [0.458536  , 1.02741158]]), array([0.02028382, 0.04247046])), (array([[0.41595441, 0.9867512 ],
       [0.43657744, 1.03160059]]), array([0.02062303, 0.0448494 ])), (array([[0.42932642, 0.9948495 ],
       [0.4497236 , 1.03853858]]), array([0.02039719, 0.04368907])), (array([[0.43629187, 1.00238752],
       [0.45658708, 1.04594994]]), array([0.0202952 , 0.04356241])), (array([[0.42485785, 0.99611998],
       [0.44607931, 1.04232693]]), array([0.02122146, 0.04620695])), (array([[0.42718306, 0.99787533],
       [0.44799748, 1.04322326]]), array([0.02081442, 0.04534793])), (array([[0.436524  , 0.98298913],
       [0.45692882, 1.02599669]]), array([0.02040482, 0.04300755]))]
CISamplingTest 154.46189856529236
result {4: (5, 0.895, 0.9, array([0.02070458, 0.04450074]))}
